# Origin
-194,95,0

# DataFormat
1

# PlatformNumber
1

# DataKind
wind [m/s]

# FlagLocationFixed
1

# Data
0.0,-5.0,0.0,0.0000,0.0000,0.0000
0.0,-5.0,1.0,0.0000,0.0000,0.0000
0.0,-5.0,2.0,0.0000,0.0000,0.0000
0.0,-5.0,3.0,0.0000,0.0000,0.0000
0.0,-5.0,4.0,0.0000,0.0000,0.0000
0.0,-5.0,5.0,0.0000,0.0000,0.0000
0.0,-5.0,6.0,0.0000,0.0000,0.0000
0.0,-5.0,7.0,0.0000,0.0000,0.0000
0.0,-5.0,8.0,0.0000,0.0000,0.0000
0.0,-5.0,9.0,0.0000,0.0000,0.0000
0.0,-5.0,10.0,0.0000,0.0000,0.0000
0.0,-4.0,0.0,0.0000,0.0000,0.0000
0.0,-4.0,1.0,0.0000,0.0000,0.0000
0.0,-4.0,2.0,0.0000,0.0000,0.0000
0.0,-4.0,3.0,0.0000,0.0000,0.0000
0.0,-4.0,4.0,0.0000,0.0000,0.0000
0.0,-4.0,5.0,0.0000,0.0000,0.0000
0.0,-4.0,6.0,0.0000,0.0000,0.0000
0.0,-4.0,7.0,0.0000,0.0000,0.0000
0.0,-4.0,8.0,0.0000,0.0000,0.0000
0.0,-4.0,9.0,0.0000,0.0000,0.0000
0.0,-4.0,10.0,0.0000,0.0000,0.0000
0.0,-3.0,0.0,0.0000,0.0000,0.0000
0.0,-3.0,1.0,0.0000,0.0000,0.0000
0.0,-3.0,2.0,0.0000,0.0000,0.0000
0.0,-3.0,3.0,0.0000,0.0000,0.0000
0.0,-3.0,4.0,0.0000,0.0000,0.0000
0.0,-3.0,5.0,0.0000,0.0000,0.0000
0.0,-3.0,6.0,0.0000,0.0000,0.0000
0.0,-3.0,7.0,0.0000,0.0000,0.0000
0.0,-3.0,8.0,0.0000,0.0000,0.0000
0.0,-3.0,9.0,0.0000,0.0000,0.0000
0.0,-3.0,10.0,0.0000,0.0000,0.0000
0.0,-2.0,0.0,0.0000,0.0000,0.0000
0.0,-2.0,1.0,0.0000,0.0000,0.0000
0.0,-2.0,2.0,0.0000,0.0000,0.0000
0.0,-2.0,3.0,0.0000,0.0000,0.0000
0.0,-2.0,4.0,0.0000,0.0000,0.0000
0.0,-2.0,5.0,0.0000,0.0000,0.0000
0.0,-2.0,6.0,0.0000,0.0000,0.0000
0.0,-2.0,7.0,0.0000,0.0000,0.0000
0.0,-2.0,8.0,0.0000,0.0000,0.0000
0.0,-2.0,9.0,0.0000,0.0000,0.0000
0.0,-2.0,10.0,0.0000,0.0000,0.0000
0.0,-1.0,0.0,0.0000,0.0000,0.0000
0.0,-1.0,1.0,0.0000,0.0000,0.0000
0.0,-1.0,2.0,0.0000,0.0000,0.0000
0.0,-1.0,3.0,0.0000,0.0000,0.0000
0.0,-1.0,4.0,0.0000,0.0000,0.0000
0.0,-1.0,5.0,0.0000,0.0000,0.0000
0.0,-1.0,6.0,0.0000,0.0000,0.0000
0.0,-1.0,7.0,0.0000,0.0000,0.0000
0.0,-1.0,8.0,0.0000,0.0000,0.0000
0.0,-1.0,9.0,0.0000,0.0000,0.0000
0.0,-1.0,10.0,0.0000,0.0000,0.0000
0.0,0.0,0.0,0.0000,0.0000,0.0000
0.0,0.0,1.0,0.0000,0.0000,0.0000
0.0,0.0,2.0,0.0000,0.0000,0.0000
0.0,0.0,3.0,0.0000,0.0000,0.0000
0.0,0.0,4.0,0.0000,0.0000,0.0000
0.0,0.0,5.0,0.0000,0.0000,0.0000
0.0,0.0,6.0,0.0000,0.0000,0.0000
0.0,0.0,7.0,0.0000,0.0000,0.0000
0.0,0.0,8.0,0.0000,0.0000,0.0000
0.0,0.0,9.0,0.0000,0.0000,0.0000
0.0,0.0,10.0,0.0000,0.0000,0.0000
0.0,1.0,0.0,0.0000,0.0000,0.0000
0.0,1.0,1.0,0.0000,0.0000,0.0000
0.0,1.0,2.0,0.0000,0.0000,0.0000
0.0,1.0,3.0,0.0000,0.0000,0.0000
0.0,1.0,4.0,0.0000,0.0000,0.0000
0.0,1.0,5.0,0.0000,0.0000,0.0000
0.0,1.0,6.0,0.0000,0.0000,0.0000
0.0,1.0,7.0,0.0000,0.0000,0.0000
0.0,1.0,8.0,0.0000,0.0000,0.0000
0.0,1.0,9.0,0.0000,0.0000,0.0000
0.0,1.0,10.0,0.0000,0.0000,0.0000
0.0,2.0,0.0,0.0000,0.0000,0.0000
0.0,2.0,1.0,0.0000,0.0000,0.0000
0.0,2.0,2.0,0.0000,0.0000,0.0000
0.0,2.0,3.0,0.0000,0.0000,0.0000
0.0,2.0,4.0,0.0000,0.0000,0.0000
0.0,2.0,5.0,0.0000,0.0000,0.0000
0.0,2.0,6.0,0.0000,0.0000,0.0000
0.0,2.0,7.0,0.0000,0.0000,0.0000
0.0,2.0,8.0,0.0000,0.0000,0.0000
0.0,2.0,9.0,0.0000,0.0000,0.0000
0.0,2.0,10.0,0.0000,0.0000,0.0000
0.0,3.0,0.0,0.0000,0.0000,0.0000
0.0,3.0,1.0,0.0000,0.0000,0.0000
0.0,3.0,2.0,0.0000,0.0000,0.0000
0.0,3.0,3.0,0.0000,0.0000,0.0000
0.0,3.0,4.0,0.0000,0.0000,0.0000
0.0,3.0,5.0,0.0000,0.0000,0.0000
0.0,3.0,6.0,0.0000,0.0000,0.0000
0.0,3.0,7.0,0.0000,0.0000,0.0000
0.0,3.0,8.0,0.0000,0.0000,0.0000
0.0,3.0,9.0,0.0000,0.0000,0.0000
0.0,3.0,10.0,0.0000,0.0000,0.0000
0.0,4.0,0.0,0.0000,0.0000,0.0000
0.0,4.0,1.0,0.0000,0.0000,0.0000
0.0,4.0,2.0,0.0000,0.0000,0.0000
0.0,4.0,3.0,0.0000,0.0000,0.0000
0.0,4.0,4.0,0.0000,0.0000,0.0000
0.0,4.0,5.0,0.0000,0.0000,0.0000
0.0,4.0,6.0,0.0000,0.0000,0.0000
0.0,4.0,7.0,0.0000,0.0000,0.0000
0.0,4.0,8.0,0.0000,0.0000,0.0000
0.0,4.0,9.0,0.0000,0.0000,0.0000
0.0,4.0,10.0,0.0000,0.0000,0.0000
0.0,5.0,0.0,0.0000,0.0000,0.0000
0.0,5.0,1.0,0.0000,0.0000,0.0000
0.0,5.0,2.0,0.0000,0.0000,0.0000
0.0,5.0,3.0,0.0000,0.0000,0.0000
0.0,5.0,4.0,0.0000,0.0000,0.0000
0.0,5.0,5.0,0.0000,0.0000,0.0000
0.0,5.0,6.0,0.0000,0.0000,0.0000
0.0,5.0,7.0,0.0000,0.0000,0.0000
0.0,5.0,8.0,0.0000,0.0000,0.0000
0.0,5.0,9.0,0.0000,0.0000,0.0000
0.0,5.0,10.0,0.0000,0.0000,0.0000
1.0,-5.0,0.0,0.0000,0.0000,5.0000
1.0,-5.0,1.0,0.0000,0.0000,5.0000
1.0,-5.0,2.0,0.0000,0.0000,5.0000
1.0,-5.0,3.0,0.0000,0.0000,5.0000
1.0,-5.0,4.0,0.0000,0.0000,5.0000
1.0,-5.0,5.0,0.0000,0.0000,5.0000
1.0,-5.0,6.0,0.0000,0.0000,5.0000
1.0,-5.0,7.0,0.0000,0.0000,5.0000
1.0,-5.0,8.0,0.0000,0.0000,5.0000
1.0,-5.0,9.0,0.0000,0.0000,5.0000
1.0,-5.0,10.0,0.0000,0.0000,5.0000
1.0,-4.0,0.0,0.0000,0.0000,5.0000
1.0,-4.0,1.0,0.0000,0.0000,5.0000
1.0,-4.0,2.0,0.0000,0.0000,5.0000
1.0,-4.0,3.0,0.0000,0.0000,5.0000
1.0,-4.0,4.0,0.0000,0.0000,5.0000
1.0,-4.0,5.0,0.0000,0.0000,5.0000
1.0,-4.0,6.0,0.0000,0.0000,5.0000
1.0,-4.0,7.0,0.0000,0.0000,5.0000
1.0,-4.0,8.0,0.0000,0.0000,5.0000
1.0,-4.0,9.0,0.0000,0.0000,5.0000
1.0,-4.0,10.0,0.0000,0.0000,5.0000
1.0,-3.0,0.0,0.0000,0.0000,5.0000
1.0,-3.0,1.0,0.0000,0.0000,5.0000
1.0,-3.0,2.0,0.0000,0.0000,5.0000
1.0,-3.0,3.0,0.0000,0.0000,5.0000
1.0,-3.0,4.0,0.0000,0.0000,5.0000
1.0,-3.0,5.0,0.0000,0.0000,5.0000
1.0,-3.0,6.0,0.0000,0.0000,5.0000
1.0,-3.0,7.0,0.0000,0.0000,5.0000
1.0,-3.0,8.0,0.0000,0.0000,5.0000
1.0,-3.0,9.0,0.0000,0.0000,5.0000
1.0,-3.0,10.0,0.0000,0.0000,5.0000
1.0,-2.0,0.0,0.0000,0.0000,5.0000
1.0,-2.0,1.0,0.0000,0.0000,5.0000
1.0,-2.0,2.0,0.0000,0.0000,5.0000
1.0,-2.0,3.0,0.0000,0.0000,5.0000
1.0,-2.0,4.0,0.0000,0.0000,5.0000
1.0,-2.0,5.0,0.0000,0.0000,5.0000
1.0,-2.0,6.0,0.0000,0.0000,5.0000
1.0,-2.0,7.0,0.0000,0.0000,5.0000
1.0,-2.0,8.0,0.0000,0.0000,5.0000
1.0,-2.0,9.0,0.0000,0.0000,5.0000
1.0,-2.0,10.0,0.0000,0.0000,5.0000
1.0,-1.0,0.0,0.0000,0.0000,5.0000
1.0,-1.0,1.0,0.0000,0.0000,5.0000
1.0,-1.0,2.0,0.0000,0.0000,5.0000
1.0,-1.0,3.0,0.0000,0.0000,5.0000
1.0,-1.0,4.0,0.0000,0.0000,5.0000
1.0,-1.0,5.0,0.0000,0.0000,5.0000
1.0,-1.0,6.0,0.0000,0.0000,5.0000
1.0,-1.0,7.0,0.0000,0.0000,5.0000
1.0,-1.0,8.0,0.0000,0.0000,5.0000
1.0,-1.0,9.0,0.0000,0.0000,5.0000
1.0,-1.0,10.0,0.0000,0.0000,5.0000
1.0,0.0,0.0,0.0000,0.0000,5.0000
1.0,0.0,1.0,0.0000,0.0000,5.0000
1.0,0.0,2.0,0.0000,0.0000,5.0000
1.0,0.0,3.0,0.0000,0.0000,5.0000
1.0,0.0,4.0,0.0000,0.0000,5.0000
1.0,0.0,5.0,0.0000,0.0000,5.0000
1.0,0.0,6.0,0.0000,0.0000,5.0000
1.0,0.0,7.0,0.0000,0.0000,5.0000
1.0,0.0,8.0,0.0000,0.0000,5.0000
1.0,0.0,9.0,0.0000,0.0000,5.0000
1.0,0.0,10.0,0.0000,0.0000,5.0000
1.0,1.0,0.0,0.0000,0.0000,5.0000
1.0,1.0,1.0,0.0000,0.0000,5.0000
1.0,1.0,2.0,0.0000,0.0000,5.0000
1.0,1.0,3.0,0.0000,0.0000,5.0000
1.0,1.0,4.0,0.0000,0.0000,5.0000
1.0,1.0,5.0,0.0000,0.0000,5.0000
1.0,1.0,6.0,0.0000,0.0000,5.0000
1.0,1.0,7.0,0.0000,0.0000,5.0000
1.0,1.0,8.0,0.0000,0.0000,5.0000
1.0,1.0,9.0,0.0000,0.0000,5.0000
1.0,1.0,10.0,0.0000,0.0000,5.0000
1.0,2.0,0.0,0.0000,0.0000,5.0000
1.0,2.0,1.0,0.0000,0.0000,5.0000
1.0,2.0,2.0,0.0000,0.0000,5.0000
1.0,2.0,3.0,0.0000,0.0000,5.0000
1.0,2.0,4.0,0.0000,0.0000,5.0000
1.0,2.0,5.0,0.0000,0.0000,5.0000
1.0,2.0,6.0,0.0000,0.0000,5.0000
1.0,2.0,7.0,0.0000,0.0000,5.0000
1.0,2.0,8.0,0.0000,0.0000,5.0000
1.0,2.0,9.0,0.0000,0.0000,5.0000
1.0,2.0,10.0,0.0000,0.0000,5.0000
1.0,3.0,0.0,0.0000,0.0000,5.0000
1.0,3.0,1.0,0.0000,0.0000,5.0000
1.0,3.0,2.0,0.0000,0.0000,5.0000
1.0,3.0,3.0,0.0000,0.0000,5.0000
1.0,3.0,4.0,0.0000,0.0000,5.0000
1.0,3.0,5.0,0.0000,0.0000,5.0000
1.0,3.0,6.0,0.0000,0.0000,5.0000
1.0,3.0,7.0,0.0000,0.0000,5.0000
1.0,3.0,8.0,0.0000,0.0000,5.0000
1.0,3.0,9.0,0.0000,0.0000,5.0000
1.0,3.0,10.0,0.0000,0.0000,5.0000
1.0,4.0,0.0,0.0000,0.0000,5.0000
1.0,4.0,1.0,0.0000,0.0000,5.0000
1.0,4.0,2.0,0.0000,0.0000,5.0000
1.0,4.0,3.0,0.0000,0.0000,5.0000
1.0,4.0,4.0,0.0000,0.0000,5.0000
1.0,4.0,5.0,0.0000,0.0000,5.0000
1.0,4.0,6.0,0.0000,0.0000,5.0000
1.0,4.0,7.0,0.0000,0.0000,5.0000
1.0,4.0,8.0,0.0000,0.0000,5.0000
1.0,4.0,9.0,0.0000,0.0000,5.0000
1.0,4.0,10.0,0.0000,0.0000,5.0000
1.0,5.0,0.0,0.0000,0.0000,5.0000
1.0,5.0,1.0,0.0000,0.0000,5.0000
1.0,5.0,2.0,0.0000,0.0000,5.0000
1.0,5.0,3.0,0.0000,0.0000,5.0000
1.0,5.0,4.0,0.0000,0.0000,5.0000
1.0,5.0,5.0,0.0000,0.0000,5.0000
1.0,5.0,6.0,0.0000,0.0000,5.0000
1.0,5.0,7.0,0.0000,0.0000,5.0000
1.0,5.0,8.0,0.0000,0.0000,5.0000
1.0,5.0,9.0,0.0000,0.0000,5.0000
1.0,5.0,10.0,0.0000,0.0000,5.0000
2.0,-5.0,0.0,0.0000,0.0000,10.0000
2.0,-5.0,1.0,0.0000,0.0000,10.0000
2.0,-5.0,2.0,0.0000,0.0000,10.0000
2.0,-5.0,3.0,0.0000,0.0000,10.0000
2.0,-5.0,4.0,0.0000,0.0000,10.0000
2.0,-5.0,5.0,0.0000,0.0000,10.0000
2.0,-5.0,6.0,0.0000,0.0000,10.0000
2.0,-5.0,7.0,0.0000,0.0000,10.0000
2.0,-5.0,8.0,0.0000,0.0000,10.0000
2.0,-5.0,9.0,0.0000,0.0000,10.0000
2.0,-5.0,10.0,0.0000,0.0000,10.0000
2.0,-4.0,0.0,0.0000,0.0000,10.0000
2.0,-4.0,1.0,0.0000,0.0000,10.0000
2.0,-4.0,2.0,0.0000,0.0000,10.0000
2.0,-4.0,3.0,0.0000,0.0000,10.0000
2.0,-4.0,4.0,0.0000,0.0000,10.0000
2.0,-4.0,5.0,0.0000,0.0000,10.0000
2.0,-4.0,6.0,0.0000,0.0000,10.0000
2.0,-4.0,7.0,0.0000,0.0000,10.0000
2.0,-4.0,8.0,0.0000,0.0000,10.0000
2.0,-4.0,9.0,0.0000,0.0000,10.0000
2.0,-4.0,10.0,0.0000,0.0000,10.0000
2.0,-3.0,0.0,0.0000,0.0000,10.0000
2.0,-3.0,1.0,0.0000,0.0000,10.0000
2.0,-3.0,2.0,0.0000,0.0000,10.0000
2.0,-3.0,3.0,0.0000,0.0000,10.0000
2.0,-3.0,4.0,0.0000,0.0000,10.0000
2.0,-3.0,5.0,0.0000,0.0000,10.0000
2.0,-3.0,6.0,0.0000,0.0000,10.0000
2.0,-3.0,7.0,0.0000,0.0000,10.0000
2.0,-3.0,8.0,0.0000,0.0000,10.0000
2.0,-3.0,9.0,0.0000,0.0000,10.0000
2.0,-3.0,10.0,0.0000,0.0000,10.0000
2.0,-2.0,0.0,0.0000,0.0000,10.0000
2.0,-2.0,1.0,0.0000,0.0000,10.0000
2.0,-2.0,2.0,0.0000,0.0000,10.0000
2.0,-2.0,3.0,0.0000,0.0000,10.0000
2.0,-2.0,4.0,0.0000,0.0000,10.0000
2.0,-2.0,5.0,0.0000,0.0000,10.0000
2.0,-2.0,6.0,0.0000,0.0000,10.0000
2.0,-2.0,7.0,0.0000,0.0000,10.0000
2.0,-2.0,8.0,0.0000,0.0000,10.0000
2.0,-2.0,9.0,0.0000,0.0000,10.0000
2.0,-2.0,10.0,0.0000,0.0000,10.0000
2.0,-1.0,0.0,0.0000,0.0000,10.0000
2.0,-1.0,1.0,0.0000,0.0000,10.0000
2.0,-1.0,2.0,0.0000,0.0000,10.0000
2.0,-1.0,3.0,0.0000,0.0000,10.0000
2.0,-1.0,4.0,0.0000,0.0000,10.0000
2.0,-1.0,5.0,0.0000,0.0000,10.0000
2.0,-1.0,6.0,0.0000,0.0000,10.0000
2.0,-1.0,7.0,0.0000,0.0000,10.0000
2.0,-1.0,8.0,0.0000,0.0000,10.0000
2.0,-1.0,9.0,0.0000,0.0000,10.0000
2.0,-1.0,10.0,0.0000,0.0000,10.0000
2.0,0.0,0.0,0.0000,0.0000,10.0000
2.0,0.0,1.0,0.0000,0.0000,10.0000
2.0,0.0,2.0,0.0000,0.0000,10.0000
2.0,0.0,3.0,0.0000,0.0000,10.0000
2.0,0.0,4.0,0.0000,0.0000,10.0000
2.0,0.0,5.0,0.0000,0.0000,10.0000
2.0,0.0,6.0,0.0000,0.0000,10.0000
2.0,0.0,7.0,0.0000,0.0000,10.0000
2.0,0.0,8.0,0.0000,0.0000,10.0000
2.0,0.0,9.0,0.0000,0.0000,10.0000
2.0,0.0,10.0,0.0000,0.0000,10.0000
2.0,1.0,0.0,0.0000,0.0000,10.0000
2.0,1.0,1.0,0.0000,0.0000,10.0000
2.0,1.0,2.0,0.0000,0.0000,10.0000
2.0,1.0,3.0,0.0000,0.0000,10.0000
2.0,1.0,4.0,0.0000,0.0000,10.0000
2.0,1.0,5.0,0.0000,0.0000,10.0000
2.0,1.0,6.0,0.0000,0.0000,10.0000
2.0,1.0,7.0,0.0000,0.0000,10.0000
2.0,1.0,8.0,0.0000,0.0000,10.0000
2.0,1.0,9.0,0.0000,0.0000,10.0000
2.0,1.0,10.0,0.0000,0.0000,10.0000
2.0,2.0,0.0,0.0000,0.0000,10.0000
2.0,2.0,1.0,0.0000,0.0000,10.0000
2.0,2.0,2.0,0.0000,0.0000,10.0000
2.0,2.0,3.0,0.0000,0.0000,10.0000
2.0,2.0,4.0,0.0000,0.0000,10.0000
2.0,2.0,5.0,0.0000,0.0000,10.0000
2.0,2.0,6.0,0.0000,0.0000,10.0000
2.0,2.0,7.0,0.0000,0.0000,10.0000
2.0,2.0,8.0,0.0000,0.0000,10.0000
2.0,2.0,9.0,0.0000,0.0000,10.0000
2.0,2.0,10.0,0.0000,0.0000,10.0000
2.0,3.0,0.0,0.0000,0.0000,10.0000
2.0,3.0,1.0,0.0000,0.0000,10.0000
2.0,3.0,2.0,0.0000,0.0000,10.0000
2.0,3.0,3.0,0.0000,0.0000,10.0000
2.0,3.0,4.0,0.0000,0.0000,10.0000
2.0,3.0,5.0,0.0000,0.0000,10.0000
2.0,3.0,6.0,0.0000,0.0000,10.0000
2.0,3.0,7.0,0.0000,0.0000,10.0000
2.0,3.0,8.0,0.0000,0.0000,10.0000
2.0,3.0,9.0,0.0000,0.0000,10.0000
2.0,3.0,10.0,0.0000,0.0000,10.0000
2.0,4.0,0.0,0.0000,0.0000,10.0000
2.0,4.0,1.0,0.0000,0.0000,10.0000
2.0,4.0,2.0,0.0000,0.0000,10.0000
2.0,4.0,3.0,0.0000,0.0000,10.0000
2.0,4.0,4.0,0.0000,0.0000,10.0000
2.0,4.0,5.0,0.0000,0.0000,10.0000
2.0,4.0,6.0,0.0000,0.0000,10.0000
2.0,4.0,7.0,0.0000,0.0000,10.0000
2.0,4.0,8.0,0.0000,0.0000,10.0000
2.0,4.0,9.0,0.0000,0.0000,10.0000
2.0,4.0,10.0,0.0000,0.0000,10.0000
2.0,5.0,0.0,0.0000,0.0000,10.0000
2.0,5.0,1.0,0.0000,0.0000,10.0000
2.0,5.0,2.0,0.0000,0.0000,10.0000
2.0,5.0,3.0,0.0000,0.0000,10.0000
2.0,5.0,4.0,0.0000,0.0000,10.0000
2.0,5.0,5.0,0.0000,0.0000,10.0000
2.0,5.0,6.0,0.0000,0.0000,10.0000
2.0,5.0,7.0,0.0000,0.0000,10.0000
2.0,5.0,8.0,0.0000,0.0000,10.0000
2.0,5.0,9.0,0.0000,0.0000,10.0000
2.0,5.0,10.0,0.0000,0.0000,10.0000
3.0,-5.0,0.0,0.0000,0.0000,15.0000
3.0,-5.0,1.0,0.0000,0.0000,15.0000
3.0,-5.0,2.0,0.0000,0.0000,15.0000
3.0,-5.0,3.0,0.0000,0.0000,15.0000
3.0,-5.0,4.0,0.0000,0.0000,15.0000
3.0,-5.0,5.0,0.0000,0.0000,15.0000
3.0,-5.0,6.0,0.0000,0.0000,15.0000
3.0,-5.0,7.0,0.0000,0.0000,15.0000
3.0,-5.0,8.0,0.0000,0.0000,15.0000
3.0,-5.0,9.0,0.0000,0.0000,15.0000
3.0,-5.0,10.0,0.0000,0.0000,15.0000
3.0,-4.0,0.0,0.0000,0.0000,15.0000
3.0,-4.0,1.0,0.0000,0.0000,15.0000
3.0,-4.0,2.0,0.0000,0.0000,15.0000
3.0,-4.0,3.0,0.0000,0.0000,15.0000
3.0,-4.0,4.0,0.0000,0.0000,15.0000
3.0,-4.0,5.0,0.0000,0.0000,15.0000
3.0,-4.0,6.0,0.0000,0.0000,15.0000
3.0,-4.0,7.0,0.0000,0.0000,15.0000
3.0,-4.0,8.0,0.0000,0.0000,15.0000
3.0,-4.0,9.0,0.0000,0.0000,15.0000
3.0,-4.0,10.0,0.0000,0.0000,15.0000
3.0,-3.0,0.0,0.0000,0.0000,15.0000
3.0,-3.0,1.0,0.0000,0.0000,15.0000
3.0,-3.0,2.0,0.0000,0.0000,15.0000
3.0,-3.0,3.0,0.0000,0.0000,15.0000
3.0,-3.0,4.0,0.0000,0.0000,15.0000
3.0,-3.0,5.0,0.0000,0.0000,15.0000
3.0,-3.0,6.0,0.0000,0.0000,15.0000
3.0,-3.0,7.0,0.0000,0.0000,15.0000
3.0,-3.0,8.0,0.0000,0.0000,15.0000
3.0,-3.0,9.0,0.0000,0.0000,15.0000
3.0,-3.0,10.0,0.0000,0.0000,15.0000
3.0,-2.0,0.0,0.0000,0.0000,15.0000
3.0,-2.0,1.0,0.0000,0.0000,15.0000
3.0,-2.0,2.0,0.0000,0.0000,15.0000
3.0,-2.0,3.0,0.0000,0.0000,15.0000
3.0,-2.0,4.0,0.0000,0.0000,15.0000
3.0,-2.0,5.0,0.0000,0.0000,15.0000
3.0,-2.0,6.0,0.0000,0.0000,15.0000
3.0,-2.0,7.0,0.0000,0.0000,15.0000
3.0,-2.0,8.0,0.0000,0.0000,15.0000
3.0,-2.0,9.0,0.0000,0.0000,15.0000
3.0,-2.0,10.0,0.0000,0.0000,15.0000
3.0,-1.0,0.0,0.0000,0.0000,15.0000
3.0,-1.0,1.0,0.0000,0.0000,15.0000
3.0,-1.0,2.0,0.0000,0.0000,15.0000
3.0,-1.0,3.0,0.0000,0.0000,15.0000
3.0,-1.0,4.0,0.0000,0.0000,15.0000
3.0,-1.0,5.0,0.0000,0.0000,15.0000
3.0,-1.0,6.0,0.0000,0.0000,15.0000
3.0,-1.0,7.0,0.0000,0.0000,15.0000
3.0,-1.0,8.0,0.0000,0.0000,15.0000
3.0,-1.0,9.0,0.0000,0.0000,15.0000
3.0,-1.0,10.0,0.0000,0.0000,15.0000
3.0,0.0,0.0,0.0000,0.0000,15.0000
3.0,0.0,1.0,0.0000,0.0000,15.0000
3.0,0.0,2.0,0.0000,0.0000,15.0000
3.0,0.0,3.0,0.0000,0.0000,15.0000
3.0,0.0,4.0,0.0000,0.0000,15.0000
3.0,0.0,5.0,0.0000,0.0000,15.0000
3.0,0.0,6.0,0.0000,0.0000,15.0000
3.0,0.0,7.0,0.0000,0.0000,15.0000
3.0,0.0,8.0,0.0000,0.0000,15.0000
3.0,0.0,9.0,0.0000,0.0000,15.0000
3.0,0.0,10.0,0.0000,0.0000,15.0000
3.0,1.0,0.0,0.0000,0.0000,15.0000
3.0,1.0,1.0,0.0000,0.0000,15.0000
3.0,1.0,2.0,0.0000,0.0000,15.0000
3.0,1.0,3.0,0.0000,0.0000,15.0000
3.0,1.0,4.0,0.0000,0.0000,15.0000
3.0,1.0,5.0,0.0000,0.0000,15.0000
3.0,1.0,6.0,0.0000,0.0000,15.0000
3.0,1.0,7.0,0.0000,0.0000,15.0000
3.0,1.0,8.0,0.0000,0.0000,15.0000
3.0,1.0,9.0,0.0000,0.0000,15.0000
3.0,1.0,10.0,0.0000,0.0000,15.0000
3.0,2.0,0.0,0.0000,0.0000,15.0000
3.0,2.0,1.0,0.0000,0.0000,15.0000
3.0,2.0,2.0,0.0000,0.0000,15.0000
3.0,2.0,3.0,0.0000,0.0000,15.0000
3.0,2.0,4.0,0.0000,0.0000,15.0000
3.0,2.0,5.0,0.0000,0.0000,15.0000
3.0,2.0,6.0,0.0000,0.0000,15.0000
3.0,2.0,7.0,0.0000,0.0000,15.0000
3.0,2.0,8.0,0.0000,0.0000,15.0000
3.0,2.0,9.0,0.0000,0.0000,15.0000
3.0,2.0,10.0,0.0000,0.0000,15.0000
3.0,3.0,0.0,0.0000,0.0000,15.0000
3.0,3.0,1.0,0.0000,0.0000,15.0000
3.0,3.0,2.0,0.0000,0.0000,15.0000
3.0,3.0,3.0,0.0000,0.0000,15.0000
3.0,3.0,4.0,0.0000,0.0000,15.0000
3.0,3.0,5.0,0.0000,0.0000,15.0000
3.0,3.0,6.0,0.0000,0.0000,15.0000
3.0,3.0,7.0,0.0000,0.0000,15.0000
3.0,3.0,8.0,0.0000,0.0000,15.0000
3.0,3.0,9.0,0.0000,0.0000,15.0000
3.0,3.0,10.0,0.0000,0.0000,15.0000
3.0,4.0,0.0,0.0000,0.0000,15.0000
3.0,4.0,1.0,0.0000,0.0000,15.0000
3.0,4.0,2.0,0.0000,0.0000,15.0000
3.0,4.0,3.0,0.0000,0.0000,15.0000
3.0,4.0,4.0,0.0000,0.0000,15.0000
3.0,4.0,5.0,0.0000,0.0000,15.0000
3.0,4.0,6.0,0.0000,0.0000,15.0000
3.0,4.0,7.0,0.0000,0.0000,15.0000
3.0,4.0,8.0,0.0000,0.0000,15.0000
3.0,4.0,9.0,0.0000,0.0000,15.0000
3.0,4.0,10.0,0.0000,0.0000,15.0000
3.0,5.0,0.0,0.0000,0.0000,15.0000
3.0,5.0,1.0,0.0000,0.0000,15.0000
3.0,5.0,2.0,0.0000,0.0000,15.0000
3.0,5.0,3.0,0.0000,0.0000,15.0000
3.0,5.0,4.0,0.0000,0.0000,15.0000
3.0,5.0,5.0,0.0000,0.0000,15.0000
3.0,5.0,6.0,0.0000,0.0000,15.0000
3.0,5.0,7.0,0.0000,0.0000,15.0000
3.0,5.0,8.0,0.0000,0.0000,15.0000
3.0,5.0,9.0,0.0000,0.0000,15.0000
3.0,5.0,10.0,0.0000,0.0000,15.0000
4.0,-5.0,0.0,0.0000,0.0000,20.0000
4.0,-5.0,1.0,0.0000,0.0000,20.0000
4.0,-5.0,2.0,0.0000,0.0000,20.0000
4.0,-5.0,3.0,0.0000,0.0000,20.0000
4.0,-5.0,4.0,0.0000,0.0000,20.0000
4.0,-5.0,5.0,0.0000,0.0000,20.0000
4.0,-5.0,6.0,0.0000,0.0000,20.0000
4.0,-5.0,7.0,0.0000,0.0000,20.0000
4.0,-5.0,8.0,0.0000,0.0000,20.0000
4.0,-5.0,9.0,0.0000,0.0000,20.0000
4.0,-5.0,10.0,0.0000,0.0000,20.0000
4.0,-4.0,0.0,0.0000,0.0000,20.0000
4.0,-4.0,1.0,0.0000,0.0000,20.0000
4.0,-4.0,2.0,0.0000,0.0000,20.0000
4.0,-4.0,3.0,0.0000,0.0000,20.0000
4.0,-4.0,4.0,0.0000,0.0000,20.0000
4.0,-4.0,5.0,0.0000,0.0000,20.0000
4.0,-4.0,6.0,0.0000,0.0000,20.0000
4.0,-4.0,7.0,0.0000,0.0000,20.0000
4.0,-4.0,8.0,0.0000,0.0000,20.0000
4.0,-4.0,9.0,0.0000,0.0000,20.0000
4.0,-4.0,10.0,0.0000,0.0000,20.0000
4.0,-3.0,0.0,0.0000,0.0000,20.0000
4.0,-3.0,1.0,0.0000,0.0000,20.0000
4.0,-3.0,2.0,0.0000,0.0000,20.0000
4.0,-3.0,3.0,0.0000,0.0000,20.0000
4.0,-3.0,4.0,0.0000,0.0000,20.0000
4.0,-3.0,5.0,0.0000,0.0000,20.0000
4.0,-3.0,6.0,0.0000,0.0000,20.0000
4.0,-3.0,7.0,0.0000,0.0000,20.0000
4.0,-3.0,8.0,0.0000,0.0000,20.0000
4.0,-3.0,9.0,0.0000,0.0000,20.0000
4.0,-3.0,10.0,0.0000,0.0000,20.0000
4.0,-2.0,0.0,0.0000,0.0000,20.0000
4.0,-2.0,1.0,0.0000,0.0000,20.0000
4.0,-2.0,2.0,0.0000,0.0000,20.0000
4.0,-2.0,3.0,0.0000,0.0000,20.0000
4.0,-2.0,4.0,0.0000,0.0000,20.0000
4.0,-2.0,5.0,0.0000,0.0000,20.0000
4.0,-2.0,6.0,0.0000,0.0000,20.0000
4.0,-2.0,7.0,0.0000,0.0000,20.0000
4.0,-2.0,8.0,0.0000,0.0000,20.0000
4.0,-2.0,9.0,0.0000,0.0000,20.0000
4.0,-2.0,10.0,0.0000,0.0000,20.0000
4.0,-1.0,0.0,0.0000,0.0000,20.0000
4.0,-1.0,1.0,0.0000,0.0000,20.0000
4.0,-1.0,2.0,0.0000,0.0000,20.0000
4.0,-1.0,3.0,0.0000,0.0000,20.0000
4.0,-1.0,4.0,0.0000,0.0000,20.0000
4.0,-1.0,5.0,0.0000,0.0000,20.0000
4.0,-1.0,6.0,0.0000,0.0000,20.0000
4.0,-1.0,7.0,0.0000,0.0000,20.0000
4.0,-1.0,8.0,0.0000,0.0000,20.0000
4.0,-1.0,9.0,0.0000,0.0000,20.0000
4.0,-1.0,10.0,0.0000,0.0000,20.0000
4.0,0.0,0.0,0.0000,0.0000,20.0000
4.0,0.0,1.0,0.0000,0.0000,20.0000
4.0,0.0,2.0,0.0000,0.0000,20.0000
4.0,0.0,3.0,0.0000,0.0000,20.0000
4.0,0.0,4.0,0.0000,0.0000,20.0000
4.0,0.0,5.0,0.0000,0.0000,20.0000
4.0,0.0,6.0,0.0000,0.0000,20.0000
4.0,0.0,7.0,0.0000,0.0000,20.0000
4.0,0.0,8.0,0.0000,0.0000,20.0000
4.0,0.0,9.0,0.0000,0.0000,20.0000
4.0,0.0,10.0,0.0000,0.0000,20.0000
4.0,1.0,0.0,0.0000,0.0000,20.0000
4.0,1.0,1.0,0.0000,0.0000,20.0000
4.0,1.0,2.0,0.0000,0.0000,20.0000
4.0,1.0,3.0,0.0000,0.0000,20.0000
4.0,1.0,4.0,0.0000,0.0000,20.0000
4.0,1.0,5.0,0.0000,0.0000,20.0000
4.0,1.0,6.0,0.0000,0.0000,20.0000
4.0,1.0,7.0,0.0000,0.0000,20.0000
4.0,1.0,8.0,0.0000,0.0000,20.0000
4.0,1.0,9.0,0.0000,0.0000,20.0000
4.0,1.0,10.0,0.0000,0.0000,20.0000
4.0,2.0,0.0,0.0000,0.0000,20.0000
4.0,2.0,1.0,0.0000,0.0000,20.0000
4.0,2.0,2.0,0.0000,0.0000,20.0000
4.0,2.0,3.0,0.0000,0.0000,20.0000
4.0,2.0,4.0,0.0000,0.0000,20.0000
4.0,2.0,5.0,0.0000,0.0000,20.0000
4.0,2.0,6.0,0.0000,0.0000,20.0000
4.0,2.0,7.0,0.0000,0.0000,20.0000
4.0,2.0,8.0,0.0000,0.0000,20.0000
4.0,2.0,9.0,0.0000,0.0000,20.0000
4.0,2.0,10.0,0.0000,0.0000,20.0000
4.0,3.0,0.0,0.0000,0.0000,20.0000
4.0,3.0,1.0,0.0000,0.0000,20.0000
4.0,3.0,2.0,0.0000,0.0000,20.0000
4.0,3.0,3.0,0.0000,0.0000,20.0000
4.0,3.0,4.0,0.0000,0.0000,20.0000
4.0,3.0,5.0,0.0000,0.0000,20.0000
4.0,3.0,6.0,0.0000,0.0000,20.0000
4.0,3.0,7.0,0.0000,0.0000,20.0000
4.0,3.0,8.0,0.0000,0.0000,20.0000
4.0,3.0,9.0,0.0000,0.0000,20.0000
4.0,3.0,10.0,0.0000,0.0000,20.0000
4.0,4.0,0.0,0.0000,0.0000,20.0000
4.0,4.0,1.0,0.0000,0.0000,20.0000
4.0,4.0,2.0,0.0000,0.0000,20.0000
4.0,4.0,3.0,0.0000,0.0000,20.0000
4.0,4.0,4.0,0.0000,0.0000,20.0000
4.0,4.0,5.0,0.0000,0.0000,20.0000
4.0,4.0,6.0,0.0000,0.0000,20.0000
4.0,4.0,7.0,0.0000,0.0000,20.0000
4.0,4.0,8.0,0.0000,0.0000,20.0000
4.0,4.0,9.0,0.0000,0.0000,20.0000
4.0,4.0,10.0,0.0000,0.0000,20.0000
4.0,5.0,0.0,0.0000,0.0000,20.0000
4.0,5.0,1.0,0.0000,0.0000,20.0000
4.0,5.0,2.0,0.0000,0.0000,20.0000
4.0,5.0,3.0,0.0000,0.0000,20.0000
4.0,5.0,4.0,0.0000,0.0000,20.0000
4.0,5.0,5.0,0.0000,0.0000,20.0000
4.0,5.0,6.0,0.0000,0.0000,20.0000
4.0,5.0,7.0,0.0000,0.0000,20.0000
4.0,5.0,8.0,0.0000,0.0000,20.0000
4.0,5.0,9.0,0.0000,0.0000,20.0000
4.0,5.0,10.0,0.0000,0.0000,20.0000
5.0,-5.0,0.0,0.0000,0.0000,25.0000
5.0,-5.0,1.0,0.0000,0.0000,25.0000
5.0,-5.0,2.0,0.0000,0.0000,25.0000
5.0,-5.0,3.0,0.0000,0.0000,25.0000
5.0,-5.0,4.0,0.0000,0.0000,25.0000
5.0,-5.0,5.0,0.0000,0.0000,25.0000
5.0,-5.0,6.0,0.0000,0.0000,25.0000
5.0,-5.0,7.0,0.0000,0.0000,25.0000
5.0,-5.0,8.0,0.0000,0.0000,25.0000
5.0,-5.0,9.0,0.0000,0.0000,25.0000
5.0,-5.0,10.0,0.0000,0.0000,25.0000
5.0,-4.0,0.0,0.0000,0.0000,25.0000
5.0,-4.0,1.0,0.0000,0.0000,25.0000
5.0,-4.0,2.0,0.0000,0.0000,25.0000
5.0,-4.0,3.0,0.0000,0.0000,25.0000
5.0,-4.0,4.0,0.0000,0.0000,25.0000
5.0,-4.0,5.0,0.0000,0.0000,25.0000
5.0,-4.0,6.0,0.0000,0.0000,25.0000
5.0,-4.0,7.0,0.0000,0.0000,25.0000
5.0,-4.0,8.0,0.0000,0.0000,25.0000
5.0,-4.0,9.0,0.0000,0.0000,25.0000
5.0,-4.0,10.0,0.0000,0.0000,25.0000
5.0,-3.0,0.0,0.0000,0.0000,25.0000
5.0,-3.0,1.0,0.0000,0.0000,25.0000
5.0,-3.0,2.0,0.0000,0.0000,25.0000
5.0,-3.0,3.0,0.0000,0.0000,25.0000
5.0,-3.0,4.0,0.0000,0.0000,25.0000
5.0,-3.0,5.0,0.0000,0.0000,25.0000
5.0,-3.0,6.0,0.0000,0.0000,25.0000
5.0,-3.0,7.0,0.0000,0.0000,25.0000
5.0,-3.0,8.0,0.0000,0.0000,25.0000
5.0,-3.0,9.0,0.0000,0.0000,25.0000
5.0,-3.0,10.0,0.0000,0.0000,25.0000
5.0,-2.0,0.0,0.0000,0.0000,25.0000
5.0,-2.0,1.0,0.0000,0.0000,25.0000
5.0,-2.0,2.0,0.0000,0.0000,25.0000
5.0,-2.0,3.0,0.0000,0.0000,25.0000
5.0,-2.0,4.0,0.0000,0.0000,25.0000
5.0,-2.0,5.0,0.0000,0.0000,25.0000
5.0,-2.0,6.0,0.0000,0.0000,25.0000
5.0,-2.0,7.0,0.0000,0.0000,25.0000
5.0,-2.0,8.0,0.0000,0.0000,25.0000
5.0,-2.0,9.0,0.0000,0.0000,25.0000
5.0,-2.0,10.0,0.0000,0.0000,25.0000
5.0,-1.0,0.0,0.0000,0.0000,25.0000
5.0,-1.0,1.0,0.0000,0.0000,25.0000
5.0,-1.0,2.0,0.0000,0.0000,25.0000
5.0,-1.0,3.0,0.0000,0.0000,25.0000
5.0,-1.0,4.0,0.0000,0.0000,25.0000
5.0,-1.0,5.0,0.0000,0.0000,25.0000
5.0,-1.0,6.0,0.0000,0.0000,25.0000
5.0,-1.0,7.0,0.0000,0.0000,25.0000
5.0,-1.0,8.0,0.0000,0.0000,25.0000
5.0,-1.0,9.0,0.0000,0.0000,25.0000
5.0,-1.0,10.0,0.0000,0.0000,25.0000
5.0,0.0,0.0,0.0000,0.0000,25.0000
5.0,0.0,1.0,0.0000,0.0000,25.0000
5.0,0.0,2.0,0.0000,0.0000,25.0000
5.0,0.0,3.0,0.0000,0.0000,25.0000
5.0,0.0,4.0,0.0000,0.0000,25.0000
5.0,0.0,5.0,0.0000,0.0000,25.0000
5.0,0.0,6.0,0.0000,0.0000,25.0000
5.0,0.0,7.0,0.0000,0.0000,25.0000
5.0,0.0,8.0,0.0000,0.0000,25.0000
5.0,0.0,9.0,0.0000,0.0000,25.0000
5.0,0.0,10.0,0.0000,0.0000,25.0000
5.0,1.0,0.0,0.0000,0.0000,25.0000
5.0,1.0,1.0,0.0000,0.0000,25.0000
5.0,1.0,2.0,0.0000,0.0000,25.0000
5.0,1.0,3.0,0.0000,0.0000,25.0000
5.0,1.0,4.0,0.0000,0.0000,25.0000
5.0,1.0,5.0,0.0000,0.0000,25.0000
5.0,1.0,6.0,0.0000,0.0000,25.0000
5.0,1.0,7.0,0.0000,0.0000,25.0000
5.0,1.0,8.0,0.0000,0.0000,25.0000
5.0,1.0,9.0,0.0000,0.0000,25.0000
5.0,1.0,10.0,0.0000,0.0000,25.0000
5.0,2.0,0.0,0.0000,0.0000,25.0000
5.0,2.0,1.0,0.0000,0.0000,25.0000
5.0,2.0,2.0,0.0000,0.0000,25.0000
5.0,2.0,3.0,0.0000,0.0000,25.0000
5.0,2.0,4.0,0.0000,0.0000,25.0000
5.0,2.0,5.0,0.0000,0.0000,25.0000
5.0,2.0,6.0,0.0000,0.0000,25.0000
5.0,2.0,7.0,0.0000,0.0000,25.0000
5.0,2.0,8.0,0.0000,0.0000,25.0000
5.0,2.0,9.0,0.0000,0.0000,25.0000
5.0,2.0,10.0,0.0000,0.0000,25.0000
5.0,3.0,0.0,0.0000,0.0000,25.0000
5.0,3.0,1.0,0.0000,0.0000,25.0000
5.0,3.0,2.0,0.0000,0.0000,25.0000
5.0,3.0,3.0,0.0000,0.0000,25.0000
5.0,3.0,4.0,0.0000,0.0000,25.0000
5.0,3.0,5.0,0.0000,0.0000,25.0000
5.0,3.0,6.0,0.0000,0.0000,25.0000
5.0,3.0,7.0,0.0000,0.0000,25.0000
5.0,3.0,8.0,0.0000,0.0000,25.0000
5.0,3.0,9.0,0.0000,0.0000,25.0000
5.0,3.0,10.0,0.0000,0.0000,25.0000
5.0,4.0,0.0,0.0000,0.0000,25.0000
5.0,4.0,1.0,0.0000,0.0000,25.0000
5.0,4.0,2.0,0.0000,0.0000,25.0000
5.0,4.0,3.0,0.0000,0.0000,25.0000
5.0,4.0,4.0,0.0000,0.0000,25.0000
5.0,4.0,5.0,0.0000,0.0000,25.0000
5.0,4.0,6.0,0.0000,0.0000,25.0000
5.0,4.0,7.0,0.0000,0.0000,25.0000
5.0,4.0,8.0,0.0000,0.0000,25.0000
5.0,4.0,9.0,0.0000,0.0000,25.0000
5.0,4.0,10.0,0.0000,0.0000,25.0000
5.0,5.0,0.0,0.0000,0.0000,25.0000
5.0,5.0,1.0,0.0000,0.0000,25.0000
5.0,5.0,2.0,0.0000,0.0000,25.0000
5.0,5.0,3.0,0.0000,0.0000,25.0000
5.0,5.0,4.0,0.0000,0.0000,25.0000
5.0,5.0,5.0,0.0000,0.0000,25.0000
5.0,5.0,6.0,0.0000,0.0000,25.0000
5.0,5.0,7.0,0.0000,0.0000,25.0000
5.0,5.0,8.0,0.0000,0.0000,25.0000
5.0,5.0,9.0,0.0000,0.0000,25.0000
5.0,5.0,10.0,0.0000,0.0000,25.0000
6.0,-5.0,0.0,0.0000,0.0000,30.0000
6.0,-5.0,1.0,0.0000,0.0000,30.0000
6.0,-5.0,2.0,0.0000,0.0000,30.0000
6.0,-5.0,3.0,0.0000,0.0000,30.0000
6.0,-5.0,4.0,0.0000,0.0000,30.0000
6.0,-5.0,5.0,0.0000,0.0000,30.0000
6.0,-5.0,6.0,0.0000,0.0000,30.0000
6.0,-5.0,7.0,0.0000,0.0000,30.0000
6.0,-5.0,8.0,0.0000,0.0000,30.0000
6.0,-5.0,9.0,0.0000,0.0000,30.0000
6.0,-5.0,10.0,0.0000,0.0000,30.0000
6.0,-4.0,0.0,0.0000,0.0000,30.0000
6.0,-4.0,1.0,0.0000,0.0000,30.0000
6.0,-4.0,2.0,0.0000,0.0000,30.0000
6.0,-4.0,3.0,0.0000,0.0000,30.0000
6.0,-4.0,4.0,0.0000,0.0000,30.0000
6.0,-4.0,5.0,0.0000,0.0000,30.0000
6.0,-4.0,6.0,0.0000,0.0000,30.0000
6.0,-4.0,7.0,0.0000,0.0000,30.0000
6.0,-4.0,8.0,0.0000,0.0000,30.0000
6.0,-4.0,9.0,0.0000,0.0000,30.0000
6.0,-4.0,10.0,0.0000,0.0000,30.0000
6.0,-3.0,0.0,0.0000,0.0000,30.0000
6.0,-3.0,1.0,0.0000,0.0000,30.0000
6.0,-3.0,2.0,0.0000,0.0000,30.0000
6.0,-3.0,3.0,0.0000,0.0000,30.0000
6.0,-3.0,4.0,0.0000,0.0000,30.0000
6.0,-3.0,5.0,0.0000,0.0000,30.0000
6.0,-3.0,6.0,0.0000,0.0000,30.0000
6.0,-3.0,7.0,0.0000,0.0000,30.0000
6.0,-3.0,8.0,0.0000,0.0000,30.0000
6.0,-3.0,9.0,0.0000,0.0000,30.0000
6.0,-3.0,10.0,0.0000,0.0000,30.0000
6.0,-2.0,0.0,0.0000,0.0000,30.0000
6.0,-2.0,1.0,0.0000,0.0000,30.0000
6.0,-2.0,2.0,0.0000,0.0000,30.0000
6.0,-2.0,3.0,0.0000,0.0000,30.0000
6.0,-2.0,4.0,0.0000,0.0000,30.0000
6.0,-2.0,5.0,0.0000,0.0000,30.0000
6.0,-2.0,6.0,0.0000,0.0000,30.0000
6.0,-2.0,7.0,0.0000,0.0000,30.0000
6.0,-2.0,8.0,0.0000,0.0000,30.0000
6.0,-2.0,9.0,0.0000,0.0000,30.0000
6.0,-2.0,10.0,0.0000,0.0000,30.0000
6.0,-1.0,0.0,0.0000,0.0000,30.0000
6.0,-1.0,1.0,0.0000,0.0000,30.0000
6.0,-1.0,2.0,0.0000,0.0000,30.0000
6.0,-1.0,3.0,0.0000,0.0000,30.0000
6.0,-1.0,4.0,0.0000,0.0000,30.0000
6.0,-1.0,5.0,0.0000,0.0000,30.0000
6.0,-1.0,6.0,0.0000,0.0000,30.0000
6.0,-1.0,7.0,0.0000,0.0000,30.0000
6.0,-1.0,8.0,0.0000,0.0000,30.0000
6.0,-1.0,9.0,0.0000,0.0000,30.0000
6.0,-1.0,10.0,0.0000,0.0000,30.0000
6.0,0.0,0.0,0.0000,0.0000,30.0000
6.0,0.0,1.0,0.0000,0.0000,30.0000
6.0,0.0,2.0,0.0000,0.0000,30.0000
6.0,0.0,3.0,0.0000,0.0000,30.0000
6.0,0.0,4.0,0.0000,0.0000,30.0000
6.0,0.0,5.0,0.0000,0.0000,30.0000
6.0,0.0,6.0,0.0000,0.0000,30.0000
6.0,0.0,7.0,0.0000,0.0000,30.0000
6.0,0.0,8.0,0.0000,0.0000,30.0000
6.0,0.0,9.0,0.0000,0.0000,30.0000
6.0,0.0,10.0,0.0000,0.0000,30.0000
6.0,1.0,0.0,0.0000,0.0000,30.0000
6.0,1.0,1.0,0.0000,0.0000,30.0000
6.0,1.0,2.0,0.0000,0.0000,30.0000
6.0,1.0,3.0,0.0000,0.0000,30.0000
6.0,1.0,4.0,0.0000,0.0000,30.0000
6.0,1.0,5.0,0.0000,0.0000,30.0000
6.0,1.0,6.0,0.0000,0.0000,30.0000
6.0,1.0,7.0,0.0000,0.0000,30.0000
6.0,1.0,8.0,0.0000,0.0000,30.0000
6.0,1.0,9.0,0.0000,0.0000,30.0000
6.0,1.0,10.0,0.0000,0.0000,30.0000
6.0,2.0,0.0,0.0000,0.0000,30.0000
6.0,2.0,1.0,0.0000,0.0000,30.0000
6.0,2.0,2.0,0.0000,0.0000,30.0000
6.0,2.0,3.0,0.0000,0.0000,30.0000
6.0,2.0,4.0,0.0000,0.0000,30.0000
6.0,2.0,5.0,0.0000,0.0000,30.0000
6.0,2.0,6.0,0.0000,0.0000,30.0000
6.0,2.0,7.0,0.0000,0.0000,30.0000
6.0,2.0,8.0,0.0000,0.0000,30.0000
6.0,2.0,9.0,0.0000,0.0000,30.0000
6.0,2.0,10.0,0.0000,0.0000,30.0000
6.0,3.0,0.0,0.0000,0.0000,30.0000
6.0,3.0,1.0,0.0000,0.0000,30.0000
6.0,3.0,2.0,0.0000,0.0000,30.0000
6.0,3.0,3.0,0.0000,0.0000,30.0000
6.0,3.0,4.0,0.0000,0.0000,30.0000
6.0,3.0,5.0,0.0000,0.0000,30.0000
6.0,3.0,6.0,0.0000,0.0000,30.0000
6.0,3.0,7.0,0.0000,0.0000,30.0000
6.0,3.0,8.0,0.0000,0.0000,30.0000
6.0,3.0,9.0,0.0000,0.0000,30.0000
6.0,3.0,10.0,0.0000,0.0000,30.0000
6.0,4.0,0.0,0.0000,0.0000,30.0000
6.0,4.0,1.0,0.0000,0.0000,30.0000
6.0,4.0,2.0,0.0000,0.0000,30.0000
6.0,4.0,3.0,0.0000,0.0000,30.0000
6.0,4.0,4.0,0.0000,0.0000,30.0000
6.0,4.0,5.0,0.0000,0.0000,30.0000
6.0,4.0,6.0,0.0000,0.0000,30.0000
6.0,4.0,7.0,0.0000,0.0000,30.0000
6.0,4.0,8.0,0.0000,0.0000,30.0000
6.0,4.0,9.0,0.0000,0.0000,30.0000
6.0,4.0,10.0,0.0000,0.0000,30.0000
6.0,5.0,0.0,0.0000,0.0000,30.0000
6.0,5.0,1.0,0.0000,0.0000,30.0000
6.0,5.0,2.0,0.0000,0.0000,30.0000
6.0,5.0,3.0,0.0000,0.0000,30.0000
6.0,5.0,4.0,0.0000,0.0000,30.0000
6.0,5.0,5.0,0.0000,0.0000,30.0000
6.0,5.0,6.0,0.0000,0.0000,30.0000
6.0,5.0,7.0,0.0000,0.0000,30.0000
6.0,5.0,8.0,0.0000,0.0000,30.0000
6.0,5.0,9.0,0.0000,0.0000,30.0000
6.0,5.0,10.0,0.0000,0.0000,30.0000
7.0,-5.0,0.0,0.0000,0.0000,35.0000
7.0,-5.0,1.0,0.0000,0.0000,35.0000
7.0,-5.0,2.0,0.0000,0.0000,35.0000
7.0,-5.0,3.0,0.0000,0.0000,35.0000
7.0,-5.0,4.0,0.0000,0.0000,35.0000
7.0,-5.0,5.0,0.0000,0.0000,35.0000
7.0,-5.0,6.0,0.0000,0.0000,35.0000
7.0,-5.0,7.0,0.0000,0.0000,35.0000
7.0,-5.0,8.0,0.0000,0.0000,35.0000
7.0,-5.0,9.0,0.0000,0.0000,35.0000
7.0,-5.0,10.0,0.0000,0.0000,35.0000
7.0,-4.0,0.0,0.0000,0.0000,35.0000
7.0,-4.0,1.0,0.0000,0.0000,35.0000
7.0,-4.0,2.0,0.0000,0.0000,35.0000
7.0,-4.0,3.0,0.0000,0.0000,35.0000
7.0,-4.0,4.0,0.0000,0.0000,35.0000
7.0,-4.0,5.0,0.0000,0.0000,35.0000
7.0,-4.0,6.0,0.0000,0.0000,35.0000
7.0,-4.0,7.0,0.0000,0.0000,35.0000
7.0,-4.0,8.0,0.0000,0.0000,35.0000
7.0,-4.0,9.0,0.0000,0.0000,35.0000
7.0,-4.0,10.0,0.0000,0.0000,35.0000
7.0,-3.0,0.0,0.0000,0.0000,35.0000
7.0,-3.0,1.0,0.0000,0.0000,35.0000
7.0,-3.0,2.0,0.0000,0.0000,35.0000
7.0,-3.0,3.0,0.0000,0.0000,35.0000
7.0,-3.0,4.0,0.0000,0.0000,35.0000
7.0,-3.0,5.0,0.0000,0.0000,35.0000
7.0,-3.0,6.0,0.0000,0.0000,35.0000
7.0,-3.0,7.0,0.0000,0.0000,35.0000
7.0,-3.0,8.0,0.0000,0.0000,35.0000
7.0,-3.0,9.0,0.0000,0.0000,35.0000
7.0,-3.0,10.0,0.0000,0.0000,35.0000
7.0,-2.0,0.0,0.0000,0.0000,35.0000
7.0,-2.0,1.0,0.0000,0.0000,35.0000
7.0,-2.0,2.0,0.0000,0.0000,35.0000
7.0,-2.0,3.0,0.0000,0.0000,35.0000
7.0,-2.0,4.0,0.0000,0.0000,35.0000
7.0,-2.0,5.0,0.0000,0.0000,35.0000
7.0,-2.0,6.0,0.0000,0.0000,35.0000
7.0,-2.0,7.0,0.0000,0.0000,35.0000
7.0,-2.0,8.0,0.0000,0.0000,35.0000
7.0,-2.0,9.0,0.0000,0.0000,35.0000
7.0,-2.0,10.0,0.0000,0.0000,35.0000
7.0,-1.0,0.0,0.0000,0.0000,35.0000
7.0,-1.0,1.0,0.0000,0.0000,35.0000
7.0,-1.0,2.0,0.0000,0.0000,35.0000
7.0,-1.0,3.0,0.0000,0.0000,35.0000
7.0,-1.0,4.0,0.0000,0.0000,35.0000
7.0,-1.0,5.0,0.0000,0.0000,35.0000
7.0,-1.0,6.0,0.0000,0.0000,35.0000
7.0,-1.0,7.0,0.0000,0.0000,35.0000
7.0,-1.0,8.0,0.0000,0.0000,35.0000
7.0,-1.0,9.0,0.0000,0.0000,35.0000
7.0,-1.0,10.0,0.0000,0.0000,35.0000
7.0,0.0,0.0,0.0000,0.0000,35.0000
7.0,0.0,1.0,0.0000,0.0000,35.0000
7.0,0.0,2.0,0.0000,0.0000,35.0000
7.0,0.0,3.0,0.0000,0.0000,35.0000
7.0,0.0,4.0,0.0000,0.0000,35.0000
7.0,0.0,5.0,0.0000,0.0000,35.0000
7.0,0.0,6.0,0.0000,0.0000,35.0000
7.0,0.0,7.0,0.0000,0.0000,35.0000
7.0,0.0,8.0,0.0000,0.0000,35.0000
7.0,0.0,9.0,0.0000,0.0000,35.0000
7.0,0.0,10.0,0.0000,0.0000,35.0000
7.0,1.0,0.0,0.0000,0.0000,35.0000
7.0,1.0,1.0,0.0000,0.0000,35.0000
7.0,1.0,2.0,0.0000,0.0000,35.0000
7.0,1.0,3.0,0.0000,0.0000,35.0000
7.0,1.0,4.0,0.0000,0.0000,35.0000
7.0,1.0,5.0,0.0000,0.0000,35.0000
7.0,1.0,6.0,0.0000,0.0000,35.0000
7.0,1.0,7.0,0.0000,0.0000,35.0000
7.0,1.0,8.0,0.0000,0.0000,35.0000
7.0,1.0,9.0,0.0000,0.0000,35.0000
7.0,1.0,10.0,0.0000,0.0000,35.0000
7.0,2.0,0.0,0.0000,0.0000,35.0000
7.0,2.0,1.0,0.0000,0.0000,35.0000
7.0,2.0,2.0,0.0000,0.0000,35.0000
7.0,2.0,3.0,0.0000,0.0000,35.0000
7.0,2.0,4.0,0.0000,0.0000,35.0000
7.0,2.0,5.0,0.0000,0.0000,35.0000
7.0,2.0,6.0,0.0000,0.0000,35.0000
7.0,2.0,7.0,0.0000,0.0000,35.0000
7.0,2.0,8.0,0.0000,0.0000,35.0000
7.0,2.0,9.0,0.0000,0.0000,35.0000
7.0,2.0,10.0,0.0000,0.0000,35.0000
7.0,3.0,0.0,0.0000,0.0000,35.0000
7.0,3.0,1.0,0.0000,0.0000,35.0000
7.0,3.0,2.0,0.0000,0.0000,35.0000
7.0,3.0,3.0,0.0000,0.0000,35.0000
7.0,3.0,4.0,0.0000,0.0000,35.0000
7.0,3.0,5.0,0.0000,0.0000,35.0000
7.0,3.0,6.0,0.0000,0.0000,35.0000
7.0,3.0,7.0,0.0000,0.0000,35.0000
7.0,3.0,8.0,0.0000,0.0000,35.0000
7.0,3.0,9.0,0.0000,0.0000,35.0000
7.0,3.0,10.0,0.0000,0.0000,35.0000
7.0,4.0,0.0,0.0000,0.0000,35.0000
7.0,4.0,1.0,0.0000,0.0000,35.0000
7.0,4.0,2.0,0.0000,0.0000,35.0000
7.0,4.0,3.0,0.0000,0.0000,35.0000
7.0,4.0,4.0,0.0000,0.0000,35.0000
7.0,4.0,5.0,0.0000,0.0000,35.0000
7.0,4.0,6.0,0.0000,0.0000,35.0000
7.0,4.0,7.0,0.0000,0.0000,35.0000
7.0,4.0,8.0,0.0000,0.0000,35.0000
7.0,4.0,9.0,0.0000,0.0000,35.0000
7.0,4.0,10.0,0.0000,0.0000,35.0000
7.0,5.0,0.0,0.0000,0.0000,35.0000
7.0,5.0,1.0,0.0000,0.0000,35.0000
7.0,5.0,2.0,0.0000,0.0000,35.0000
7.0,5.0,3.0,0.0000,0.0000,35.0000
7.0,5.0,4.0,0.0000,0.0000,35.0000
7.0,5.0,5.0,0.0000,0.0000,35.0000
7.0,5.0,6.0,0.0000,0.0000,35.0000
7.0,5.0,7.0,0.0000,0.0000,35.0000
7.0,5.0,8.0,0.0000,0.0000,35.0000
7.0,5.0,9.0,0.0000,0.0000,35.0000
7.0,5.0,10.0,0.0000,0.0000,35.0000
8.0,-5.0,0.0,0.0000,0.0000,40.0000
8.0,-5.0,1.0,0.0000,0.0000,40.0000
8.0,-5.0,2.0,0.0000,0.0000,40.0000
8.0,-5.0,3.0,0.0000,0.0000,40.0000
8.0,-5.0,4.0,0.0000,0.0000,40.0000
8.0,-5.0,5.0,0.0000,0.0000,40.0000
8.0,-5.0,6.0,0.0000,0.0000,40.0000
8.0,-5.0,7.0,0.0000,0.0000,40.0000
8.0,-5.0,8.0,0.0000,0.0000,40.0000
8.0,-5.0,9.0,0.0000,0.0000,40.0000
8.0,-5.0,10.0,0.0000,0.0000,40.0000
8.0,-4.0,0.0,0.0000,0.0000,40.0000
8.0,-4.0,1.0,0.0000,0.0000,40.0000
8.0,-4.0,2.0,0.0000,0.0000,40.0000
8.0,-4.0,3.0,0.0000,0.0000,40.0000
8.0,-4.0,4.0,0.0000,0.0000,40.0000
8.0,-4.0,5.0,0.0000,0.0000,40.0000
8.0,-4.0,6.0,0.0000,0.0000,40.0000
8.0,-4.0,7.0,0.0000,0.0000,40.0000
8.0,-4.0,8.0,0.0000,0.0000,40.0000
8.0,-4.0,9.0,0.0000,0.0000,40.0000
8.0,-4.0,10.0,0.0000,0.0000,40.0000
8.0,-3.0,0.0,0.0000,0.0000,40.0000
8.0,-3.0,1.0,0.0000,0.0000,40.0000
8.0,-3.0,2.0,0.0000,0.0000,40.0000
8.0,-3.0,3.0,0.0000,0.0000,40.0000
8.0,-3.0,4.0,0.0000,0.0000,40.0000
8.0,-3.0,5.0,0.0000,0.0000,40.0000
8.0,-3.0,6.0,0.0000,0.0000,40.0000
8.0,-3.0,7.0,0.0000,0.0000,40.0000
8.0,-3.0,8.0,0.0000,0.0000,40.0000
8.0,-3.0,9.0,0.0000,0.0000,40.0000
8.0,-3.0,10.0,0.0000,0.0000,40.0000
8.0,-2.0,0.0,0.0000,0.0000,40.0000
8.0,-2.0,1.0,0.0000,0.0000,40.0000
8.0,-2.0,2.0,0.0000,0.0000,40.0000
8.0,-2.0,3.0,0.0000,0.0000,40.0000
8.0,-2.0,4.0,0.0000,0.0000,40.0000
8.0,-2.0,5.0,0.0000,0.0000,40.0000
8.0,-2.0,6.0,0.0000,0.0000,40.0000
8.0,-2.0,7.0,0.0000,0.0000,40.0000
8.0,-2.0,8.0,0.0000,0.0000,40.0000
8.0,-2.0,9.0,0.0000,0.0000,40.0000
8.0,-2.0,10.0,0.0000,0.0000,40.0000
8.0,-1.0,0.0,0.0000,0.0000,40.0000
8.0,-1.0,1.0,0.0000,0.0000,40.0000
8.0,-1.0,2.0,0.0000,0.0000,40.0000
8.0,-1.0,3.0,0.0000,0.0000,40.0000
8.0,-1.0,4.0,0.0000,0.0000,40.0000
8.0,-1.0,5.0,0.0000,0.0000,40.0000
8.0,-1.0,6.0,0.0000,0.0000,40.0000
8.0,-1.0,7.0,0.0000,0.0000,40.0000
8.0,-1.0,8.0,0.0000,0.0000,40.0000
8.0,-1.0,9.0,0.0000,0.0000,40.0000
8.0,-1.0,10.0,0.0000,0.0000,40.0000
8.0,0.0,0.0,0.0000,0.0000,40.0000
8.0,0.0,1.0,0.0000,0.0000,40.0000
8.0,0.0,2.0,0.0000,0.0000,40.0000
8.0,0.0,3.0,0.0000,0.0000,40.0000
8.0,0.0,4.0,0.0000,0.0000,40.0000
8.0,0.0,5.0,0.0000,0.0000,40.0000
8.0,0.0,6.0,0.0000,0.0000,40.0000
8.0,0.0,7.0,0.0000,0.0000,40.0000
8.0,0.0,8.0,0.0000,0.0000,40.0000
8.0,0.0,9.0,0.0000,0.0000,40.0000
8.0,0.0,10.0,0.0000,0.0000,40.0000
8.0,1.0,0.0,0.0000,0.0000,40.0000
8.0,1.0,1.0,0.0000,0.0000,40.0000
8.0,1.0,2.0,0.0000,0.0000,40.0000
8.0,1.0,3.0,0.0000,0.0000,40.0000
8.0,1.0,4.0,0.0000,0.0000,40.0000
8.0,1.0,5.0,0.0000,0.0000,40.0000
8.0,1.0,6.0,0.0000,0.0000,40.0000
8.0,1.0,7.0,0.0000,0.0000,40.0000
8.0,1.0,8.0,0.0000,0.0000,40.0000
8.0,1.0,9.0,0.0000,0.0000,40.0000
8.0,1.0,10.0,0.0000,0.0000,40.0000
8.0,2.0,0.0,0.0000,0.0000,40.0000
8.0,2.0,1.0,0.0000,0.0000,40.0000
8.0,2.0,2.0,0.0000,0.0000,40.0000
8.0,2.0,3.0,0.0000,0.0000,40.0000
8.0,2.0,4.0,0.0000,0.0000,40.0000
8.0,2.0,5.0,0.0000,0.0000,40.0000
8.0,2.0,6.0,0.0000,0.0000,40.0000
8.0,2.0,7.0,0.0000,0.0000,40.0000
8.0,2.0,8.0,0.0000,0.0000,40.0000
8.0,2.0,9.0,0.0000,0.0000,40.0000
8.0,2.0,10.0,0.0000,0.0000,40.0000
8.0,3.0,0.0,0.0000,0.0000,40.0000
8.0,3.0,1.0,0.0000,0.0000,40.0000
8.0,3.0,2.0,0.0000,0.0000,40.0000
8.0,3.0,3.0,0.0000,0.0000,40.0000
8.0,3.0,4.0,0.0000,0.0000,40.0000
8.0,3.0,5.0,0.0000,0.0000,40.0000
8.0,3.0,6.0,0.0000,0.0000,40.0000
8.0,3.0,7.0,0.0000,0.0000,40.0000
8.0,3.0,8.0,0.0000,0.0000,40.0000
8.0,3.0,9.0,0.0000,0.0000,40.0000
8.0,3.0,10.0,0.0000,0.0000,40.0000
8.0,4.0,0.0,0.0000,0.0000,40.0000
8.0,4.0,1.0,0.0000,0.0000,40.0000
8.0,4.0,2.0,0.0000,0.0000,40.0000
8.0,4.0,3.0,0.0000,0.0000,40.0000
8.0,4.0,4.0,0.0000,0.0000,40.0000
8.0,4.0,5.0,0.0000,0.0000,40.0000
8.0,4.0,6.0,0.0000,0.0000,40.0000
8.0,4.0,7.0,0.0000,0.0000,40.0000
8.0,4.0,8.0,0.0000,0.0000,40.0000
8.0,4.0,9.0,0.0000,0.0000,40.0000
8.0,4.0,10.0,0.0000,0.0000,40.0000
8.0,5.0,0.0,0.0000,0.0000,40.0000
8.0,5.0,1.0,0.0000,0.0000,40.0000
8.0,5.0,2.0,0.0000,0.0000,40.0000
8.0,5.0,3.0,0.0000,0.0000,40.0000
8.0,5.0,4.0,0.0000,0.0000,40.0000
8.0,5.0,5.0,0.0000,0.0000,40.0000
8.0,5.0,6.0,0.0000,0.0000,40.0000
8.0,5.0,7.0,0.0000,0.0000,40.0000
8.0,5.0,8.0,0.0000,0.0000,40.0000
8.0,5.0,9.0,0.0000,0.0000,40.0000
8.0,5.0,10.0,0.0000,0.0000,40.0000
9.0,-5.0,0.0,0.0000,0.0000,45.0000
9.0,-5.0,1.0,0.0000,0.0000,45.0000
9.0,-5.0,2.0,0.0000,0.0000,45.0000
9.0,-5.0,3.0,0.0000,0.0000,45.0000
9.0,-5.0,4.0,0.0000,0.0000,45.0000
9.0,-5.0,5.0,0.0000,0.0000,45.0000
9.0,-5.0,6.0,0.0000,0.0000,45.0000
9.0,-5.0,7.0,0.0000,0.0000,45.0000
9.0,-5.0,8.0,0.0000,0.0000,45.0000
9.0,-5.0,9.0,0.0000,0.0000,45.0000
9.0,-5.0,10.0,0.0000,0.0000,45.0000
9.0,-4.0,0.0,0.0000,0.0000,45.0000
9.0,-4.0,1.0,0.0000,0.0000,45.0000
9.0,-4.0,2.0,0.0000,0.0000,45.0000
9.0,-4.0,3.0,0.0000,0.0000,45.0000
9.0,-4.0,4.0,0.0000,0.0000,45.0000
9.0,-4.0,5.0,0.0000,0.0000,45.0000
9.0,-4.0,6.0,0.0000,0.0000,45.0000
9.0,-4.0,7.0,0.0000,0.0000,45.0000
9.0,-4.0,8.0,0.0000,0.0000,45.0000
9.0,-4.0,9.0,0.0000,0.0000,45.0000
9.0,-4.0,10.0,0.0000,0.0000,45.0000
9.0,-3.0,0.0,0.0000,0.0000,45.0000
9.0,-3.0,1.0,0.0000,0.0000,45.0000
9.0,-3.0,2.0,0.0000,0.0000,45.0000
9.0,-3.0,3.0,0.0000,0.0000,45.0000
9.0,-3.0,4.0,0.0000,0.0000,45.0000
9.0,-3.0,5.0,0.0000,0.0000,45.0000
9.0,-3.0,6.0,0.0000,0.0000,45.0000
9.0,-3.0,7.0,0.0000,0.0000,45.0000
9.0,-3.0,8.0,0.0000,0.0000,45.0000
9.0,-3.0,9.0,0.0000,0.0000,45.0000
9.0,-3.0,10.0,0.0000,0.0000,45.0000
9.0,-2.0,0.0,0.0000,0.0000,45.0000
9.0,-2.0,1.0,0.0000,0.0000,45.0000
9.0,-2.0,2.0,0.0000,0.0000,45.0000
9.0,-2.0,3.0,0.0000,0.0000,45.0000
9.0,-2.0,4.0,0.0000,0.0000,45.0000
9.0,-2.0,5.0,0.0000,0.0000,45.0000
9.0,-2.0,6.0,0.0000,0.0000,45.0000
9.0,-2.0,7.0,0.0000,0.0000,45.0000
9.0,-2.0,8.0,0.0000,0.0000,45.0000
9.0,-2.0,9.0,0.0000,0.0000,45.0000
9.0,-2.0,10.0,0.0000,0.0000,45.0000
9.0,-1.0,0.0,0.0000,0.0000,45.0000
9.0,-1.0,1.0,0.0000,0.0000,45.0000
9.0,-1.0,2.0,0.0000,0.0000,45.0000
9.0,-1.0,3.0,0.0000,0.0000,45.0000
9.0,-1.0,4.0,0.0000,0.0000,45.0000
9.0,-1.0,5.0,0.0000,0.0000,45.0000
9.0,-1.0,6.0,0.0000,0.0000,45.0000
9.0,-1.0,7.0,0.0000,0.0000,45.0000
9.0,-1.0,8.0,0.0000,0.0000,45.0000
9.0,-1.0,9.0,0.0000,0.0000,45.0000
9.0,-1.0,10.0,0.0000,0.0000,45.0000
9.0,0.0,0.0,0.0000,0.0000,45.0000
9.0,0.0,1.0,0.0000,0.0000,45.0000
9.0,0.0,2.0,0.0000,0.0000,45.0000
9.0,0.0,3.0,0.0000,0.0000,45.0000
9.0,0.0,4.0,0.0000,0.0000,45.0000
9.0,0.0,5.0,0.0000,0.0000,45.0000
9.0,0.0,6.0,0.0000,0.0000,45.0000
9.0,0.0,7.0,0.0000,0.0000,45.0000
9.0,0.0,8.0,0.0000,0.0000,45.0000
9.0,0.0,9.0,0.0000,0.0000,45.0000
9.0,0.0,10.0,0.0000,0.0000,45.0000
9.0,1.0,0.0,0.0000,0.0000,45.0000
9.0,1.0,1.0,0.0000,0.0000,45.0000
9.0,1.0,2.0,0.0000,0.0000,45.0000
9.0,1.0,3.0,0.0000,0.0000,45.0000
9.0,1.0,4.0,0.0000,0.0000,45.0000
9.0,1.0,5.0,0.0000,0.0000,45.0000
9.0,1.0,6.0,0.0000,0.0000,45.0000
9.0,1.0,7.0,0.0000,0.0000,45.0000
9.0,1.0,8.0,0.0000,0.0000,45.0000
9.0,1.0,9.0,0.0000,0.0000,45.0000
9.0,1.0,10.0,0.0000,0.0000,45.0000
9.0,2.0,0.0,0.0000,0.0000,45.0000
9.0,2.0,1.0,0.0000,0.0000,45.0000
9.0,2.0,2.0,0.0000,0.0000,45.0000
9.0,2.0,3.0,0.0000,0.0000,45.0000
9.0,2.0,4.0,0.0000,0.0000,45.0000
9.0,2.0,5.0,0.0000,0.0000,45.0000
9.0,2.0,6.0,0.0000,0.0000,45.0000
9.0,2.0,7.0,0.0000,0.0000,45.0000
9.0,2.0,8.0,0.0000,0.0000,45.0000
9.0,2.0,9.0,0.0000,0.0000,45.0000
9.0,2.0,10.0,0.0000,0.0000,45.0000
9.0,3.0,0.0,0.0000,0.0000,45.0000
9.0,3.0,1.0,0.0000,0.0000,45.0000
9.0,3.0,2.0,0.0000,0.0000,45.0000
9.0,3.0,3.0,0.0000,0.0000,45.0000
9.0,3.0,4.0,0.0000,0.0000,45.0000
9.0,3.0,5.0,0.0000,0.0000,45.0000
9.0,3.0,6.0,0.0000,0.0000,45.0000
9.0,3.0,7.0,0.0000,0.0000,45.0000
9.0,3.0,8.0,0.0000,0.0000,45.0000
9.0,3.0,9.0,0.0000,0.0000,45.0000
9.0,3.0,10.0,0.0000,0.0000,45.0000
9.0,4.0,0.0,0.0000,0.0000,45.0000
9.0,4.0,1.0,0.0000,0.0000,45.0000
9.0,4.0,2.0,0.0000,0.0000,45.0000
9.0,4.0,3.0,0.0000,0.0000,45.0000
9.0,4.0,4.0,0.0000,0.0000,45.0000
9.0,4.0,5.0,0.0000,0.0000,45.0000
9.0,4.0,6.0,0.0000,0.0000,45.0000
9.0,4.0,7.0,0.0000,0.0000,45.0000
9.0,4.0,8.0,0.0000,0.0000,45.0000
9.0,4.0,9.0,0.0000,0.0000,45.0000
9.0,4.0,10.0,0.0000,0.0000,45.0000
9.0,5.0,0.0,0.0000,0.0000,45.0000
9.0,5.0,1.0,0.0000,0.0000,45.0000
9.0,5.0,2.0,0.0000,0.0000,45.0000
9.0,5.0,3.0,0.0000,0.0000,45.0000
9.0,5.0,4.0,0.0000,0.0000,45.0000
9.0,5.0,5.0,0.0000,0.0000,45.0000
9.0,5.0,6.0,0.0000,0.0000,45.0000
9.0,5.0,7.0,0.0000,0.0000,45.0000
9.0,5.0,8.0,0.0000,0.0000,45.0000
9.0,5.0,9.0,0.0000,0.0000,45.0000
9.0,5.0,10.0,0.0000,0.0000,45.0000
10.0,-5.0,0.0,0.0000,0.0000,50.0000
10.0,-5.0,1.0,0.0000,0.0000,50.0000
10.0,-5.0,2.0,0.0000,0.0000,50.0000
10.0,-5.0,3.0,0.0000,0.0000,50.0000
10.0,-5.0,4.0,0.0000,0.0000,50.0000
10.0,-5.0,5.0,0.0000,0.0000,50.0000
10.0,-5.0,6.0,0.0000,0.0000,50.0000
10.0,-5.0,7.0,0.0000,0.0000,50.0000
10.0,-5.0,8.0,0.0000,0.0000,50.0000
10.0,-5.0,9.0,0.0000,0.0000,50.0000
10.0,-5.0,10.0,0.0000,0.0000,50.0000
10.0,-4.0,0.0,0.0000,0.0000,50.0000
10.0,-4.0,1.0,0.0000,0.0000,50.0000
10.0,-4.0,2.0,0.0000,0.0000,50.0000
10.0,-4.0,3.0,0.0000,0.0000,50.0000
10.0,-4.0,4.0,0.0000,0.0000,50.0000
10.0,-4.0,5.0,0.0000,0.0000,50.0000
10.0,-4.0,6.0,0.0000,0.0000,50.0000
10.0,-4.0,7.0,0.0000,0.0000,50.0000
10.0,-4.0,8.0,0.0000,0.0000,50.0000
10.0,-4.0,9.0,0.0000,0.0000,50.0000
10.0,-4.0,10.0,0.0000,0.0000,50.0000
10.0,-3.0,0.0,0.0000,0.0000,50.0000
10.0,-3.0,1.0,0.0000,0.0000,50.0000
10.0,-3.0,2.0,0.0000,0.0000,50.0000
10.0,-3.0,3.0,0.0000,0.0000,50.0000
10.0,-3.0,4.0,0.0000,0.0000,50.0000
10.0,-3.0,5.0,0.0000,0.0000,50.0000
10.0,-3.0,6.0,0.0000,0.0000,50.0000
10.0,-3.0,7.0,0.0000,0.0000,50.0000
10.0,-3.0,8.0,0.0000,0.0000,50.0000
10.0,-3.0,9.0,0.0000,0.0000,50.0000
10.0,-3.0,10.0,0.0000,0.0000,50.0000
10.0,-2.0,0.0,0.0000,0.0000,50.0000
10.0,-2.0,1.0,0.0000,0.0000,50.0000
10.0,-2.0,2.0,0.0000,0.0000,50.0000
10.0,-2.0,3.0,0.0000,0.0000,50.0000
10.0,-2.0,4.0,0.0000,0.0000,50.0000
10.0,-2.0,5.0,0.0000,0.0000,50.0000
10.0,-2.0,6.0,0.0000,0.0000,50.0000
10.0,-2.0,7.0,0.0000,0.0000,50.0000
10.0,-2.0,8.0,0.0000,0.0000,50.0000
10.0,-2.0,9.0,0.0000,0.0000,50.0000
10.0,-2.0,10.0,0.0000,0.0000,50.0000
10.0,-1.0,0.0,0.0000,0.0000,50.0000
10.0,-1.0,1.0,0.0000,0.0000,50.0000
10.0,-1.0,2.0,0.0000,0.0000,50.0000
10.0,-1.0,3.0,0.0000,0.0000,50.0000
10.0,-1.0,4.0,0.0000,0.0000,50.0000
10.0,-1.0,5.0,0.0000,0.0000,50.0000
10.0,-1.0,6.0,0.0000,0.0000,50.0000
10.0,-1.0,7.0,0.0000,0.0000,50.0000
10.0,-1.0,8.0,0.0000,0.0000,50.0000
10.0,-1.0,9.0,0.0000,0.0000,50.0000
10.0,-1.0,10.0,0.0000,0.0000,50.0000
10.0,0.0,0.0,0.0000,0.0000,50.0000
10.0,0.0,1.0,0.0000,0.0000,50.0000
10.0,0.0,2.0,0.0000,0.0000,50.0000
10.0,0.0,3.0,0.0000,0.0000,50.0000
10.0,0.0,4.0,0.0000,0.0000,50.0000
10.0,0.0,5.0,0.0000,0.0000,50.0000
10.0,0.0,6.0,0.0000,0.0000,50.0000
10.0,0.0,7.0,0.0000,0.0000,50.0000
10.0,0.0,8.0,0.0000,0.0000,50.0000
10.0,0.0,9.0,0.0000,0.0000,50.0000
10.0,0.0,10.0,0.0000,0.0000,50.0000
10.0,1.0,0.0,0.0000,0.0000,50.0000
10.0,1.0,1.0,0.0000,0.0000,50.0000
10.0,1.0,2.0,0.0000,0.0000,50.0000
10.0,1.0,3.0,0.0000,0.0000,50.0000
10.0,1.0,4.0,0.0000,0.0000,50.0000
10.0,1.0,5.0,0.0000,0.0000,50.0000
10.0,1.0,6.0,0.0000,0.0000,50.0000
10.0,1.0,7.0,0.0000,0.0000,50.0000
10.0,1.0,8.0,0.0000,0.0000,50.0000
10.0,1.0,9.0,0.0000,0.0000,50.0000
10.0,1.0,10.0,0.0000,0.0000,50.0000
10.0,2.0,0.0,0.0000,0.0000,50.0000
10.0,2.0,1.0,0.0000,0.0000,50.0000
10.0,2.0,2.0,0.0000,0.0000,50.0000
10.0,2.0,3.0,0.0000,0.0000,50.0000
10.0,2.0,4.0,0.0000,0.0000,50.0000
10.0,2.0,5.0,0.0000,0.0000,50.0000
10.0,2.0,6.0,0.0000,0.0000,50.0000
10.0,2.0,7.0,0.0000,0.0000,50.0000
10.0,2.0,8.0,0.0000,0.0000,50.0000
10.0,2.0,9.0,0.0000,0.0000,50.0000
10.0,2.0,10.0,0.0000,0.0000,50.0000
10.0,3.0,0.0,0.0000,0.0000,50.0000
10.0,3.0,1.0,0.0000,0.0000,50.0000
10.0,3.0,2.0,0.0000,0.0000,50.0000
10.0,3.0,3.0,0.0000,0.0000,50.0000
10.0,3.0,4.0,0.0000,0.0000,50.0000
10.0,3.0,5.0,0.0000,0.0000,50.0000
10.0,3.0,6.0,0.0000,0.0000,50.0000
10.0,3.0,7.0,0.0000,0.0000,50.0000
10.0,3.0,8.0,0.0000,0.0000,50.0000
10.0,3.0,9.0,0.0000,0.0000,50.0000
10.0,3.0,10.0,0.0000,0.0000,50.0000
10.0,4.0,0.0,0.0000,0.0000,50.0000
10.0,4.0,1.0,0.0000,0.0000,50.0000
10.0,4.0,2.0,0.0000,0.0000,50.0000
10.0,4.0,3.0,0.0000,0.0000,50.0000
10.0,4.0,4.0,0.0000,0.0000,50.0000
10.0,4.0,5.0,0.0000,0.0000,50.0000
10.0,4.0,6.0,0.0000,0.0000,50.0000
10.0,4.0,7.0,0.0000,0.0000,50.0000
10.0,4.0,8.0,0.0000,0.0000,50.0000
10.0,4.0,9.0,0.0000,0.0000,50.0000
10.0,4.0,10.0,0.0000,0.0000,50.0000
10.0,5.0,0.0,0.0000,0.0000,50.0000
10.0,5.0,1.0,0.0000,0.0000,50.0000
10.0,5.0,2.0,0.0000,0.0000,50.0000
10.0,5.0,3.0,0.0000,0.0000,50.0000
10.0,5.0,4.0,0.0000,0.0000,50.0000
10.0,5.0,5.0,0.0000,0.0000,50.0000
10.0,5.0,6.0,0.0000,0.0000,50.0000
10.0,5.0,7.0,0.0000,0.0000,50.0000
10.0,5.0,8.0,0.0000,0.0000,50.0000
10.0,5.0,9.0,0.0000,0.0000,50.0000
10.0,5.0,10.0,0.0000,0.0000,50.0000